PLTSOLVD=T
CRPIX1= 2.0405000000000000E+003
CRPIX2= 1.5365000000000000E+003
CRVAL1= 2.1795911171706106E+001
CRVAL2= 4.3665072843600967E+001
CDELT1=-1.9839536870868448E-002
CDELT2= 1.9974976075115801E-002
CROTA1= 1.5551272705534009E+002
CROTA2= 1.5600427598750056E+002
CD1_1= 1.8055037266162050E-002
CD1_2=-8.2233115329560704E-003
CD2_1=-8.1231928387094487E-003
CD2_2=-1.8248654945134675E-002
CMDLINE=astap_cli -f images/calibration_img.jpg -r 60 -fov 0 -d databases -D w08 -o output/1 -log
WARNING=Warning scale was inaccurate! Set FOV=61.36d, scale=71.9"
